0.00064849469744
0.002425222013642
0.002273538452443
0.0007948778349527
0.005295718545874
0.001531956489181
0.003928660353801
0.003273446962665
0.003564389921256
0.0008814060140754
0.001791592687105
0.00198195655905
0.0007864861769755
0.0005952919091078
0.004774669190755
0.00121088053898
0.002034383408145
0.001950208526055
0.0008581947420381
0.001206082333592
0.001991643112716
0.002635891059514
0.0009676500726792
0.001967933137894
0.0007161694785957
0.003101273369544
0.0009855683878037
0.00174118113357
0.00424124261509
0.0003814286086952
0.001446613918166
0.004060116214018
0.001640291765542
0.001818018122469
0.00174991960296
0.0005008032785553
0.001307723741421
0.00118198061031
0.001586158253943
0.002170114316884
0.0007554769155185
0.0004777444814334
6.273732821623e-05
0.001487088078718
0.001781140016427
0.001595509923007
0.001830212361681
0.001448743375611
0.001038386620491
0.001325334460615
0.002693051634213
0.00252303397385
0.0009993674027073
0.001395089219884
0.0007772834231314
0.000498822817537
0.002476407640785
0.001949984652933
0.003147255872112
0.0008736298512095
0.0005656786091346
0.001749698571269
0.002146511711273
0.003023166043887
0.0001888157067067
0.001384400274757
0.0004620793012024
0.0005014355748959
0.000718241223424
0.002088169819036
0.0009725257462721
0.002190864111071
0.001063348625353
0.003432965820567
0.001265640717774
0.0001459001999766
0.001268163224803
0.005669412176204
0.001729633592324
0.0005356932406638
0.003208484365277
0.001200215025887
0.001904719074598
0.001005620922995
0.00106743107131
0.0009884005593106
0.0005301105698922
0.000972025689146
0.001083926158341
0.001638637394237
0.0005719229864183
0.0005491561910594
0.002773791296127
0.001286498141592
0.001375317966038
0.001424182579849
0.001871937018505
0.003075451228252
0.002834494564468
0.0008543564969073
0.0007134491369321
0.0008148091105747
0.002789130918566
0.001527486249015
0.0001469727883126
0.002728570820914
0.0008030895545311
0.001850249031723
0.00065858070298
0.0004590589075379
0.0002782265771551
0.0001318872996501
0.003010668116007
0.002853845484988
0.001457008163575
0.0006306073711973
0.00181489625682
0.001949984652933
0.001568259520056
0.00431488329594
0.002313695059985
0.0005116484583649
0.000395090950228
0.002481740935402
0.0003837895278761
0.001229597828719
0.001820652981087
0.0005261661542803
0.001419634712704
0.002364732905328
0.001407203970504
0.003029852873904
0.0005418919769498
0.0005131921240643
0.003804700484165
0.005686223208847
0.003236973446534
0.0006310752344661
0.0006150569697761
0.0003170993507022
0.001445342032492
0.001147767820296
0.0009562383440612
0.002370561937039
0.0006792914251712
0.0001498296236404
0.0009189418485684
0.001297588646747
0.0001467295034649
0.0002161466489878
0.001181840603345
0.000651610668169
0.00557567351042
0.002586224296289
0.0007341295570811
0.0008519344567396
0.003475143535394
0.002585936273601
0.0004372130182219
0.0007877627862713
0.0008519766172001
0.002198648057077
0.0004350687852564
0.004883205740508
0.001021093419738
0.002887531231966
0.0005190876304307
0.001821928592952
0.002588812961892
0.0007574943558302
0.002158287432728
0.001062288815077
0.002309750290367
0.0004487743262248
0.0007203709863965
0.0003635471899168
0.00166894393424
0.003634833064395
0.001547447020824
0.002800998456866
0.003414021749496
0.001305037548888
0.001256020890126
0.001658393739815
0.002047629731223
0.0001789197130087
0.001141975438692
0.0001464310294404
0.0008072181579618
0.002456868697001
0.00211642770663
0.001149299737415
0.0005003117862825
0.00470205927315
0.001610783321908
0.0005996599545869
0.002768366504882
0.001213802757657
0.002231432471989
0.0012073472433
