0.0007294049188032
0.001513887064788
0.001653340473091
0.0001283255131893
0.001157611966546
0.0004493507615658
0.003304888692032
0.005268818818879
9.016946019382e-05
0.0007916994946536
0.001922038283834
0.002960717749698
0.002022316153061
3.144440012222e-05
0.0007199347649861
4.990476382241e-05
0.0004588036105034
0.001648260961564
0.0002890075253878
0.0001781940539652
0.0007697178339154
5.722554473301e-05
0.003045302071458
0.0001150990172378
0.003671121981706
0.001292075991858
2.874731962004e-07
0.005001562746726
0.004795115295363
4.209818178938e-05
0.002472842921537
0.001311584147224
0.0005798448760393
0.0003855527511887
0.002014564849877
0.001191871128676
0.0002006886320945
9.355482001435e-05
0.002623000753441
0.001420955389589
0.001653883012342
0.000342779839589
0.000434611284887
0.0001775288581893
0.0001561745425735
0.002077623344028
0.001612427410252
0.004102900281772
0.001747507649222
3.51098322547e-06
0.0001772972075868
0.005217240312865
6.118264921652e-05
0.0003072529020039
0.001415419408564
0.004385505092701
0.001267791701472
8.531119455651e-05
0.0031915391481
1.380618653956e-06
0.004864347669034
0.0002449063572944
0.0003880657117101
3.404966620114e-07
0.001322741220349
0.007325504341395
0.001112219058368
1.808169221933e-05
0.003555383093372
0.004158731653384
0.001196991147726
0.002509706765934
0.005485328952879
0.001840948544969
7.696941999514e-05
0.0005154802766171
0.0009471285671514
0.001463989300223
0.004207290352744
0.001079303278507
0.002114449707934
0.00163530545158
0.001143522744892
0.0001165433193269
0.002339483556515
0.001267369081574
0.0004622721852056
0.0004939184114371
9.728522497905e-06
0.0006588323155405
0.000135638494092
0.001889480557917
0.002936312417434
5.614569579443e-06
1.574743248492e-05
0.0004782466538479
0.0004627644237059
0.002391582239609
0.000301433307129
0.004344729939135
9.477467234077e-05
0.002284998682803
0.002872080035529
0.001988345014241
3.149283697098e-06
0.0008281908071221
0.0008533762268524
0.001744208435595
0.0007002318804153
0.0006993405515917
0.0006957958774954
0.001146990079886
0.0005541977924438
0.00183131544304
0.002948068439323
2.859345084029e-07
0.002449570214179
0.01075796509834
0.004994322376651
0.0005019694370023
0.0001182693853401
2.72072691393e-05
0.002073782096068
1.424867042263e-05
0.002125110549293
8.353153453007e-06
0.001543993735678
0.002055704307983
3.32891923702e-07
0.001103581462694
0.0002659746122839
0.005772598381433
0.001247117209179
0.000163854843653
0.0002063812025239
7.722722860151e-06
4.208305088678e-05
0.002213192246001
0.0004481997821865
8.60671209819e-06
0.004770735457667
0.0007089339302191
0.003262723417283
0.002204398427402
4.850430649831e-05
0.0001543062248609
0.0004787496655614
0.0001083206459804
0.0006873274558509
0.0008924182470993
0.006810962457239
0.0003382883911148
0.0003855527511887
0.001297463000709
0.0003047428170601
0.0005448051699439
0.0006803671367364
0.0004225395620552
0.000492506893023
0.0003681171726148
0.0004369663709075
0.0005278839528991
0.0007870551564342
0.0001277144892616
3.640211882131e-05
8.536663411497e-05
6.694301712471e-05
1.57755313233e-05
0.002096962257144
0.00262959298089
4.789477066292e-05
0.0004601634937479
0.0005266971488716
4.019072758037e-05
0.0007332239151083
0.006362141261358
0.001072769808281
0.001596759086974
0.000151705223395
0.00244180316549
3.367318590727e-05
0.00207657075783
0.0007046761006158
0.0003710352166125
0.0002108085018857
0.000481265149104
2.213668872414e-05
9.921441868592e-05
0.0008907296675927
0.001089392505049
0.0046351374579
0.0001173385238367
0.0006276043775938
0.0006750301887961
0.004806163192524
0.00328380391472
0.004970279848537
0.001683312900552
0.001310991681615
0.002430725509454
