0.8450308335738
0.8016836151487
0.8078167358965
0.8244318484125
0.7889053232586
0.8016836151487
0.809872899855
0.8343032262114
0.8112468872905
0.8091868023563
0.817462355491
0.821635985151
0.8085015286238
0.7922460454965
0.783592597973
0.8057666002927
0.8160764868242
0.7996507081512
0.8153846339259
0.8244318484125
0.7902397046668
0.7895722891898
0.8237319536621
0.8314690952645
0.8119347795782
0.7949298331564
0.8044030260792
0.8202420956517
0.7962755088971
0.8057666002927
0.8350135747062
0.7935866813882
0.8654878850624
0.8146932738529
0.809872899855
0.8050844042413
0.8279420144376
0.8286459919106
0.8258338405115
0.8085015286238
0.8237319536621
0.8335937392981
0.8265359399946
0.7962755088971
0.809872899855
0.8078167358965
0.8202420956517
0.8223340232668
0.8112468872905
0.8160764868242
0.7750431226728
0.8071327649637
0.8146932738529
0.8044030260792
0.7942578558907
0.7949298331564
0.7956022687209
0.8223340232668
0.7789763113124
0.8153846339259
0.7915765819134
0.8044030260792
0.8181563733107
0.821635985151
0.8030420338418
0.7889053232586
0.8195462421761
0.7842546159678
0.8126234996145
0.8003277616173
0.7895722891898
0.8126234996145
0.8105594806973
0.7816105735139
0.7882391528131
0.7935866813882
0.8119347795782
0.8016836151487
0.8023624174781
0.8037221219827
0.8071327649637
0.8272385519076
0.8119347795782
0.8016836151487
0.817462355491
0.841437304254
0.8126234996145
0.8251325894966
0.8050844042413
0.8181563733107
0.7796338759199
0.8126234996145
0.8016836151487
0.8003277616173
0.817462355491
0.8314690952645
0.8251325894966
0.7855803240479
0.8023624174781
0.8153846339259
0.8037221219827
0.7895722891898
0.8195462421761
0.7962755088971
0.8272385519076
0.8244318484125
0.8140027455634
0.809872899855
0.8091868023563
0.8244318484125
0.8085015286238
0.8112468872905
0.8279420144376
0.8272385519076
0.8016836151487
0.8251325894966
0.7614461848829
0.8037221219827
0.7829313683684
0.817462355491
0.7915765819134
0.8071327649637
0.8003277616173
0.8223340232668
0.8112468872905
0.8023624174781
0.829350822164
0.8044030260792
0.8202420956517
0.8057666002927
0.7942578558907
0.7816105735139
0.8279420144376
0.8133127077092
0.8272385519076
0.7915765819134
0.8160764868242
0.8105594806973
0.8078167358965
0.7855803240479
0.7935866813882
0.7996507081512
0.8126234996145
0.7996507081512
0.8146932738529
0.8016836151487
0.7789763113124
0.7935866813882
0.8126234996145
0.8209387891423
0.8230325663578
0.8064492727104
0.8119347795782
0.817462355491
0.8112468872905
0.7895722891898
0.8091868023563
0.8279420144376
0.8195462421761
0.8044030260792
0.7829313683684
0.7855803240479
0.7949298331564
0.8140027455634
0.8119347795782
0.8160764868242
0.8112468872905
0.7996507081512
0.8112468872905
0.8167691735435
0.8071327649637
0.8300561698878
0.8202420956517
0.818850888775
0.7869085003885
0.8140027455634
0.8237319536621
0.817462355491
0.8385752671584
0.7829313683684
0.8328847775247
0.775697056467
0.8160764868242
0.7982986866612
0.8078167358965
0.7855803240479
0.83076237257
0.8078167358965
0.8167691735435
0.8140027455634
0.8003277616173
0.8343032262114
0.8140027455634
0.8119347795782
0.7996507081512
0.8037221219827
0.8057666002927
0.8237319536621
0.7922460454965
0.7989744649139
