0.001558687772664
0.001493948382969
0.000890408360807
0.002824907361594
0.009920646356729
0.002685152184074
0.01271744506796
0.002406561044414
0.009305426780735
0.003041902813637
0.0009709872240321
0.002196383583918
0.002423440631037
0.0008483834707805
0.003458736663927
0.003141925523864
0.00468878779667
0.009237561266875
0.0008362716293285
0.001678160716812
0.001345885175158
0.0002652467375941
0.001000615200174
0.002793806877789
0.003195160837669
0.002445504848483
0.0007928780240878
0.003974203099576
0.006308658657272
0.001165562336855
0.002812402820168
0.004472774633695
0.005687033883034
0.0008372863900025
0.002286687022379
0.001482893800776
0.001859670735016
0.0008292913553173
0.003704886793853
0.001475448368642
0.0008612137554814
0.002595762545647
0.0002311374838775
0.001061879899612
0.001662632181248
0.001904612763106
0.004672959288641
0.002402495148164
0.001989294749982
0.0005684491858781
0.0009035449313159
0.004107805224243
0.002079892358962
0.005516831959311
0.0008587165069334
0.001128880673467
0.001558687772664
0.002869069815867
0.001118328662743
0.00115810022798
0.002865293795505
0.0008292913553173
0.002783399103515
0.002785965114275
0.0008919117178022
0.001518395592339
0.002410579981127
0.0003030599351702
0
0.00325554388023
0.002855119786096
0.001059755724455
0.0006072957084654
0.006451786601156
0.001122005262929
0.002135750657278
0.002193452586945
0.005884651280756
0.002331089733468
0.0003398356394283
0.006534911808003
0.00163295427022
0.001011871572046
0.002979878745506
0.002991712924683
0.004894493596025
0.000961277744118
0.003988174139097
0.00439373911482
0.003703727143849
0.002634988228752
0.003761572313502
0.0005414333779855
0.0008700983367555
0.003519497253031
0.003557869403034
0.003988174139097
0.009038790710849
0.003656672091901
0.001068340997273
0.002670451988815
0.002963312043242
0.00320333461909
0.002569783511438
0.002363711559118
0.003950772547817
0.0006182276011542
0.004331146765659
0.0007987373735399
0.0006278148988764
0.002831159814737
0.0008273479475949
0.005251575853397
0.002681833636258
0.003082305005256
0.001513124751576
0.002857223894797
0.005460969265899
0.00127759514666
0.003099944708586
0.001431856742409
0.0009558118228513
0.000970987224032
0.002555498580633
0.0007311441753386
0.002574973803548
0.0007766913131178
0.004302892545174
0.0004200479787759
0.002503027284657
0.004684059170807
0.006161333154492
0.000981660007742
0.000481000840362
0.001785034239234
0.00261133411032
0.002708631192524
0.001461191007627
0.00298073778058
0.0007009057530026
0.0006944236226606
0.001453806966412
0.005021929260476
0.0001732650523344
0.001159752125032
0.0002493132908706
0.001045223581557
0.002079892358962
0.0008449954840743
0.0008040482992147
0.002463249838665
0.001115682365906
0.001523032462193
0.002957420772277
0.0009984122222399
0.002813019989269
0.008567038580953
0.005251575853397
0.0008096141774688
0.00141362692474
0.001141334715862
0.002215174533789
0.0004213741169527
0.005264613025708
0.0007387895846998
0.00200716097638
0.0007065725822452
0.000855836270456
0.004680412327634
0.005971350424534
0.004894491211648
0.001232875637546
0.007428028178268
0.003767224095986
0.006195697080268
0.003672989094432
0.004240834130801
0.009643592005758
0.008559197277391
0.004393872353123
0.0007928780240878
0.002349833028579
0.0006944236226606
0.001453806966412
0.004258310055528
0.0005306275279715
0.0003568096071507
0.0004998819571282
0.0009855848961015
0.001862537918526
0.001956282374368
0.00533292693819
0.0004461041910643
0.005415311723315
0.002487287801311
0.0020439387392
0
0.0008311561599035
0.006789016068243
0.0005051443479501
