0.005811355798549
0.005067736115041
0.005525900136984
0.008226619042524
0.005993112753855
0.008042984202197
0.00384230080781
0.006438877840131
0.006805414934147
0.008381759992613
0.008961323037458
0.01050479429201
0.004701469042456
0.005605379692961
0.006981791886536
0.00776783778796
0.002666985302317
0.006152879578614
0.01080479127118
0.005364277118433
0.005510475123905
0.008014547025176
0.005743397603703
0.005029383499246
0.005106494023018
0.004090753766631
0.02273062699135
0.01081074764632
0.006172656313971
0.01010299868041
0.01057615324952
0.005438557565796
0.005997684833182
0.007315488295521
0.005199381371071
0.01404433179196
0.009535945278852
0.006838941780337
0.007343150467847
0.004701469042456
0.006218357015538
0.01502410930387
0.01361299714751
0.009490542153771
0.004958276912667
0.008343610074686
0.006598967119578
0.008251534014905
0.005224032699089
0.01100437772628
0.0059884837221
0.00462440809169
0.002652375570133
0.005600099458701
0.004182575687028
0.01507067562921
0.01404843821363
0.004426063400057
0.006021116938265
0.006013849445862
0.007100891704341
0.007509182996338
0.006414792869344
0.009793349094889
0.01407717851101
0.007338468609295
0.006730880704649
0.006595205275223
0.01595633104748
0.007712010637124
0.006871306028799
0.006016200299465
0.004384610895979
0.006563832106052
0.005867407028987
0.01149072655751
0.01048073519382
0.004832822970288
0.007307835171682
0.009519327021314
0.005152445449279
0.01038434610048
0.008147366578955
0.01330132084005
0.004272244449135
0.009248441596412
0.005438573613069
0.01404912177776
0.00796378514234
0.01441491530482
0.019065436458
0.007124905927215
0.004775659661873
0.008628128769014
0.01033501042855
0.006927740901963
0.009345138711894
0.006024943108482
0.01050391444722
0.009401308353368
0.008235618813811
0.009655961145232
0.005844797252941
0.007922106942426
0.008325732287135
0.003740601861054
0.005275759945963
0.007643478387351
0.009689340353014
0.005113483993257
0.009768710460234
0.007090563643428
0.007201047374279
0.008325732287135
0.008981460117852
0.00501351031832
0.002927151117537
0.007630955602588
0.008498245840304
0.007097282169877
0.008884974479785
0.01014786091734
0.007062714184657
0.008324513373459
0.005224032699089
0.004718878099909
0.006160278203879
0.005351380644427
0.009739181464207
0.007249054012151
0.005811174000711
0.006302293577097
0.01024513736136
0.0112613473215
0.007388062772139
0.005047819273105
0.006492977376879
0.01007944535505
0.01068822354944
0.01501960013863
0.01299308031187
0.01421597386
0.004712432358231
0.007540077703047
0.01207771131982
0.008981460117852
0.009126976867029
0.01299308031187
0.01106098943654
0.009603637926958
0.006674699406506
0.00994163610654
0.007538373197304
0.005719712191592
0.007381951613516
0.005883853494135
0.01184453886914
0.003865384594334
0.008159554491958
0.00721827745271
0.002698769609962
0.008544659164035
0.009787008357815
0.007755036739681
0.003357533683164
0.008589388869482
0.009598794519394
0.009736214283973
0.008610466304735
0.005583929421087
0.01077138874685
0.009790575805747
0.006048646170038
0.008043100670727
0.00662964436833
0.005275759945963
0.008697455036839
0.007692776198934
0.008440248181369
0.003998146625069
0.009916441191528
0.008909457795854
0.003611099679611
0.006941245185351
0.009310156082701
0.009488702861647
0.004366917194243
0.008659471532777
0.00971357573547
0.009693159827853
0.01134327951782
0.004610455950701
0.009276396091083
0.01120614902772
0.006152879578614
0.005210236304346
0.01462212079214
0.006282192248621
0.006708004786136
0.006550472146925
