0.0004279827762067
0.00148145313445
0.001302922727686
0.0009340888413913
0.001632366693371
0.0002394912442365
0.001605928003496
0.003626919580221
9.71908992418e-06
0.001218364380686
0.001654365486708
0.00187374169608
0.001748979987028
3.088988029083e-05
0.0009728590562121
0.0008456195456983
0.0004458897418076
0.001095513812892
0.0001107380316627
0.0005007068090714
0.002057885884254
0.0007819837439647
0.001874768154375
3.413516554367e-06
4.95350313346e-05
0.002125420925021
9.808274294206e-08
0.001896259665084
0.00233292806211
0.001634342509223
0.001382773431864
0.001969492626218
6.11019831177e-07
0.001715138106751
0.002160365079249
0.001046262836215
0.0009824539055654
0.0007024563616594
0.004379038465479
0.001462872069742
0.002161653796145
4.244682304552e-06
0.0005017594183343
0.0004842196234502
0.0007132750493517
0.004544115267842
0.000921849095731
0.0008542555190565
0.00264533627722
5.803108515074e-05
0.001196643548241
0.004681372564912
3.024480367376e-05
0.001667621346309
0.0004957304201872
0.00195568274483
0.001083031950902
0.001384857316828
0.002690867033962
0.001769461983392
0.002116698029006
0.003139566496007
0.0005621460000539
4.350999263398e-05
0.0002004402548142
0.001437240448439
0.0005157829444168
6.653435299979e-05
0.001044626429621
0.0004117421118444
0.00216987718279
0.00220032043907
0.001708932605295
0.001953272580647
0.0006247422460486
0.0002887592341505
0.0007470648346035
0.001630588104163
0.002451468474996
0.0002719988982201
0.001340375657128
0.002227928275504
1.86120948558e-05
0.0009508282985144
0.00326826473992
0.0001978241304474
3.618821882806e-05
0.000487192631212
0.0006530192044791
0.001028224999331
1.927972414343e-07
0.002871215500311
0.001617572233007
0.00044761697775
0.001233517079956
0.000851389357841
0.0002536181055941
0.0009537719071458
0.001560327881649
0.003217879783098
0.001679512011563
0.00129549651243
0.001099639508033
0.001085957560565
0.0001574157722136
0.0003503234663334
0.0004437151837012
0.0005693457464415
0.0004665405547874
0.0004313570830765
0.0006554070154625
0.0002025832892471
0.0007906549596892
0.0002806092027571
0.00154156941976
0.0004250978322096
0.00113524495337
0.001719312539177
0.003628738481064
0.001494035713264
0.002022102570525
0.0008989345621022
0.0006006255519239
0.0008622902459947
0.001108610501031
0.001099553212578
4.836674801218e-05
0.0004453505790774
0.000326748066266
0.0002133421091736
0.0008950662171495
0.001042502028126
0.0009211653003399
0.0001189251613107
0.0008064395095019
0.001333877167854
0.0009145025291397
0.000598112328861
1.929924588701e-05
0.0001705458303517
0.003849384259367
0.0004139054108138
0.002793780449151
0.001143132629427
0.000231825886157
0.0001513892665474
0.0007763570646957
0.001515630795433
0.0009216573153744
9.007708683448e-05
0.0027327897085
0.000156705686394
0.001948669166782
0.003197783963526
0.00151096076056
0.0006894358089728
0.0002070795441693
0.001206166436535
4.194415907371e-05
0.0006130085645239
0.0008814742870389
0.001740306988443
0.0008953256643969
0.002209867090768
0.0001682429756677
0.0004754076516347
0.0007165806692542
0.0001058060876022
0.0004861652730713
0.001075610653775
0.0001620784561304
0.0001621605694341
0.002490063623863
0.0002963913855249
0.001023689936401
0.001873072170986
0.000797579903912
0.0009157319159408
0.0009013993308917
0.004515231852843
0.002056022742295
0.0009654938416955
0.0002167680093389
0.0002107016483008
0.001786348248113
3.909616867639e-06
0.0001198207308314
1.316968916609e-05
0.0001459696328872
0.0002958499108071
0.001414543724129
0.0001773253315297
1.311099815857e-06
0.00049501456131
0.002599014199913
0.001704674279186
1.612019100515e-05
0.001234211228332
6.6888361363e-05
0.002787111522578
