0.006564824088739
0.002335600385707
0.00616124850743
0.003107233559212
0.003240921911271
0.005196033573317
0.001774248655005
0.009007245086219
0.0007955476695532
0.00834080313263
0.01174251731202
0.005427816934085
0.002618538559949
0.005007960807598
0.005641255619548
0.007921376451197
0.001632078174878
0.01246935496596
0.009159888293735
0.003709222586213
0.001429409345286
0.005480264445609
0.01121056266384
0.004459811870654
0.01287323287403
0.00548949341575
0.02079409174528
0.01059050924639
0.003624328923182
0.007908653322017
0.007763782123351
0.01287323287403
0.003757762538595
0.005358578435265
0.004107099995395
0.01059050924639
0.00834080313263
0.002569693853917
0.01105829640052
0.0008091162194615
0.01196484874218
0.01085519375085
0.01909775476182
0.01179948712456
0.005239907833351
0.0135125742009
0.003658832359021
0.007137396211967
0.003873470003678
0.01405308136845
0.008800151449978
0.0003232660309406
0.001041280058372
0.009904366428282
0.002589262859351
0.005245133507649
0.01778590209246
0.006913488415453
0.0019863011377
0.004628743274823
0.005341525959995
0.005145995417246
0.002802237196738
0.008998657636952
0.01643417035976
0.008057481214278
0.005137233405133
0.006807614321878
0.02414474489882
0.005352895986548
0.01359838114611
0.009733156770476
0.007523206439134
0.005239907833351
0.01387226929413
0.005051160632293
0.01617184259213
0.004580382442172
0.00898799705595
0.01111223337676
0.004201381947843
0.007523206439134
0.007523206439134
0.0189131697382
0.005146357330396
0.003757762538595
0.006944218656675
0.009132037563853
0.01197207563338
0.01386975315677
0.008086081954163
0.007333665772444
0.008265840399228
0.005369394104344
0.01308301141714
0.004789256900862
0.009958508137089
0.004741995281256
0.004158318879737
0.0148512873709
0.008843374289169
0.009473444691809
0.002993083584177
0.005775053270483
0.01003891731061
0.002262110941793
0.003019876708197
0.01553430891332
0.005311808482082
0.009820991808524
0.008187839332896
0.008419355656971
0.00585292639925
0.01062277414706
0.007562765031541
0.003253960491688
0.006323086532143
0.005937485221963
0.00906791508765
0.004809989249201
0.01565042351514
0.007562765031541
0.01407312581921
0.01188209816927
0.006342223667034
0.001124335134392
0.003834974546254
0.004411854708282
0.01126878067709
0.006117055213464
0.002034616453317
0.004579172199496
0.006342223667034
0.01272188961852
0.005193562480376
0.001642753557455
0.009059557021734
0.01096884882856
0.005137233405133
0.008800151449978
0.01104872829706
0.008477891660339
0.005641255619548
0.01482769358686
0.01174251731202
0.006944218656675
0.008250793690938
0.01660119190947
0.007908653322017
0.007993137791123
0.005293811486471
0.01400232637018
0.005358578435265
0.004041258581334
0.006529623619204
0.0232764446689
0.00548949341575
0.003658901242408
0.00742578424856
0.005189970547996
0.001470559080327
0.005753083294224
0.01406251067887
0.008998657636952
0.0007029491780125
0.01055121068193
0.007197207162216
0.01242697330863
0.004682969526009
0.003444706598102
0.007358428650619
0.008875589485974
0.0130690788386
0.002481459281075
0.002569693853917
0.003802066272671
0.008003258978416
0.007342749706731
0.007825075909116
0.004165005998816
0.01005177947788
0.008342406658399
0.008585429779406
0.002954427257718
0.02107119486285
0.0153644393054
0.006529623619204
0.01835330909292
0.00842392642753
0.01351519048598
0.0125535555122
0.006408202268481
0.009215346909784
0.007981063236217
0.003562473551495
0.003431190464974
0.01992022183751
0.01239488069817
0.007460078563658
0.007559213347442
