0.7619053707561
0.6952963831913
0.7240540729463
0.7560858182938
0.7427036250669
0.6900464468622
0.7113139876738
0.7445991582987
0.7464988847339
0.7333122653982
0.7370527456097
0.7240540729463
0.7077197870442
0.7185634511897
0.7149284767291
0.7408149688593
0.7240540729463
0.7295933091167
0.6831125981279
0.7258956615928
0.7333122653982
0.7408149688593
0.7258956615928
0.7427036250669
0.7370527456097
0.7041456812252
0.7277411477575
0.7464988847339
0.7041456812252
0.7113139876738
0.7041456812252
0.7370527456097
0.7658145568531
0.7203879912839
0.7240540729463
0.7464988847339
0.7333122653982
0.7185634511897
0.7222191114866
0.7149284767291
0.7185634511897
0.7408149688593
0.7522343492435
0.7877432363361
0.7131179878786
0.7167426969915
0.7222191114866
0.7222191114866
0.7023654016257
0.777684289667
0.6917911289
0.7077197870442
0.7737037564037
0.7023654016257
0.7005914798817
0.6970569958773
0.7149284767291
0.7697472662903
0.7167426969915
0.7167426969915
0.6831125981279
0.7059295338213
0.698821079938
0.7258956615928
0.6935420451952
0.698821079938
0.7258956615928
0.7464988847339
0.7580194556525
0.6865700228749
0.7041456812252
0.7277411477575
0.7427036250669
0.7131179878786
0.7240540729463
0.7389304447124
0.7484055412344
0.7131179878786
0.7023654016257
0.6900464468622
0.7041456812252
0.7427036250669
0.7427036250669
0.7113139876738
0.7427036250669
0.7658145568531
0.7240540729463
0.7295933091167
0.7314494251793
0.7522343492435
0.7185634511897
0.7222191114866
0.7095136652507
0.6900464468622
0.7445991582987
0.7149284767291
0.7258956615928
0.6935420451952
0.7149284767291
0.7484055412344
0.7408149688593
0.7113139876738
0.7816891338444
0.7222191114866
0.7351791184552
0.7599601888679
0.7277411477575
0.7314494251793
0.7408149688593
0.7408149688593
0.7222191114866
0.7295933091167
0.7333122653982
0.7408149688593
0.6900464468622
0.7697472662903
0.674550313716
0.7295933091167
0.6627575759885
0.7277411477575
0.6970569958773
0.6900464468622
0.7277411477575
0.7023654016257
0.7314494251793
0.7503164531403
0.7560858182938
0.7222191114866
0.7484055412344
0.6970569958773
0.7240540729463
0.6935420451952
0.7314494251793
0.7240540729463
0.7560858182938
0.6935420451952
0.7351791184552
0.7059295338213
0.7258956615928
0.6917911289
0.6865700228749
0.7077197870442
0.7149284767291
0.7295933091167
0.7370527456097
0.7240540729463
0.6728526103118
0.6900464468622
0.7113139876738
0.7149284767291
0.7333122653982
0.783701413875
0.7203879912839
0.7638577060927
0.7222191114866
0.7113139876738
0.7041456812252
0.7484055412344
0.7095136652507
0.7095136652507
0.7258956615928
0.698821079938
0.7370527456097
0.7258956615928
0.7697472662903
0.7149284767291
0.6952963831913
0.7580194556525
0.7203879912839
0.7370527456097
0.6900464468622
0.7222191114866
0.7059295338213
0.7041456812252
0.7185634511897
0.7222191114866
0.6952963831913
0.7295933091167
0.7503164531403
0.7277411477575
0.7677786198737
0.6865700228749
0.7464988847339
0.7408149688593
0.7464988847339
0.6970569958773
0.7222191114866
0.7445991582987
0.7427036250669
0.7638577060927
0.6883051375848
0.7580194556525
0.7677786198737
0.7222191114866
0.679674000345
0.6935420451952
0.7503164531403
0.7167426969915
0.6728526103118
0.7041456812252
